# flick 20250409184255-nZsC
# flick 20250409185951-MtnD
# flick 20250409190305-QZa7
# flick 20250409190740-GIKQ
# flick 2025-04-09 19:12:43.359 — W518F — 🌊 washed ashore
# flick 2025-04-09 19:18:25 — OVSKZ7 — 👁️ whisper from the abyss
# flick 20250409200954-SDCi
# flick 20250409201556-JnA1
# flick 20250409201803-jqbz
# flick 20250409203140-56Uw
# flick 20250409205044-DgdF
# flick 20250409210032-qm2a
# flick 20250409210032-n0N1
# flick 20250409211126-4WLr
# flick 20250409212211-jCyX
# flick 20250409230555-iTcG
# flick 20250409234308-EavF
# flick 20250410005848-Enud
# flick 20250410140619-ThhE
# flick 20250410153124-V2oK
# flick 20250410153407-BBBt
# flick 20250410214247-fMTm
# flick 20250413005458-t6oh
# flick 20250414042548-1n57
# flick 20250414182650-mpV4
# flick 20250416014326-EHyq
# flick 20250416163655-g4fl
# flick 20250416171215-t43D
# flick 20250416215307-wbSZ
# flick 20250416224029-upyt
# flick 20250416224615-bIts
# flick 20250417034409-wn2y
# flick 20250422211720-LYpq
# flick 20250422214551-uEVM
# flick 20250423001643-NZ58
# flick 20250423005251-nLUK
